0.0
0.0
0.0
0.012197601138442773
0.0
0.10714285714285714
0.0
0.022929146870481306
0.0023923444976076554
0.1469408224674022
0.0005434782608695652
0.0009420631182289214
0.010964912280701754
0.0
0.002535496957403651
0.31700423928403204
0.0
0.017996400719856028
0.0004710315591144607
0.0
0.007436480066102045
0.0
0.0
0.0
0.064034151547492
0.09740259740259741
0.23692636072572038
0.0
0.13636363636363635
0.0
0.0
0.014637121366131328
0.0
0.0
0.008675893410452386
0.07043756670224119
0.0
0.012197601138442773
