0.0
0.056081573197378005
0.04125615763546798
0.04879825200291333
0.0
0.056548135299219426
0.015267175572519083
0.30728709394205445
0.0
0.16422287390029325
0.01621778163915436
0.03934191702432046
0.0
0.0
0.050921861281826165
0.0
0.056081573197378005
0.04125615763546798
0.04879825200291333
0.0
0.056548135299219426
0.015267175572519083
0.30728709394205445
0.0
0.16422287390029325
0.01621778163915436
0.03934191702432046
0.0
0.0
0.050921861281826165
0.16033755274261605
0.07828282828282829
0.050551470588235295
0.0603448275862069
0.0
0.0
0.0
0.0
0.053231939163498096
0.0
0.16033755274261605
0.07828282828282829
0.050551470588235295
0.0603448275862069
0.0
0.0
0.0
0.0
0.053231939163498096
0.0
0.03216911764705882
0.09505703422053231
0.09137931034482759
0.10242587601078167
0.0
0.0
0.0
0.0
0.06818181818181818
0.03216911764705882
0.09505703422053231
0.09137931034482759
0.10242587601078167
0.0
0.0
0.0
0.0
0.06818181818181818
0.0
0.06473594548551959
0.0
0.07792207792207792
0.0
0.0
0.0
0.06473594548551959
0.0
0.07792207792207792
0.0
0.0
0.0
0.0
0.0
0.0196078431372549
0.014150943396226415
0.0
0.0
0.0
0.0196078431372549
0.014150943396226415
