580.0
0.0
1364.0
3453.0
262.0
1624.0
0.0
587.0
1139.0
0.0
1139.0
5765.0
1088.0
0.0
1373.0
1373.0
204.0
212.0
2796.0
0.0
580.0
0.0
1364.0
3453.0
262.0
1624.0
0.0
587.0
1139.0
0.0
1139.0
5765.0
1088.0
0.0
1373.0
1373.0
204.0
212.0
2796.0
0.0
1083.0
0.0
0.0
146.0
473.0
1083.0
1826.0
0.0
146.0
0.0
0.0
1088.0
183.0
1088.0
0.0
0.0
580.0
0.0
675.0
0.0
792.0
792.0
675.0
0.0
237.0
0.0
789.0
0.0
675.0
792.0
1088.0
789.0
0.0
0.0
307.0
675.0
0.0
307.0
371.0
580.0
1840.0
0.0
836.0
2736.0
1994.0
0.0
2123.0
1667.0
0.0
0.0
1972.0
1720.0
0.0
2123.0
2123.0
836.0
307.0
0.0
587.0
0.0
587.0
539.0
424.0
0.0
0.0
539.0
0.0
0.0
108.0
212.0
183.0
90.0
0.0
204.0
